5893603206
5893603206
5893603206
5893603206
5893603206
5893603206
5893603206
5893603206
5893603206
5893603206
5893603206
5893603206
5893603206
5893603206
5893603206
5893603206
5893603206
5893603206
5893603206
5893603206
5722859628
5722859628
5722859628
5722859628
5722859628
5722859628
5722859628
5722859628
5722859628
5722859628
5722859628
5722859628
5722859628
5722859628
5722859628
5722859628
5722859628
5722859628
5722859628
5722859628
1420157965
1650111241
1406339050
1132422373
2760296044
2216791820
2150758415
1991123083
2099371264
5656694488
1845864154
1667942985
1618051664
2599892125
2087169013
1974576991
1642088277
3937348351
2656274875
1644307977
5044281310
1896650227
1887344341
5948256281
5872136275
2175409884
3744105231
2695032883
1338518881
5782340746
1072088637
1601814032
5894148166
2978329347
1819680883
5813754850
2497860787
6010505106
5705879070
2288584182
3171284804
3278232515
2638219861
2091961033
6072517033
5136227862
2109932941
1819828535
1786149073
1966171555
2096419430
2667922521
1710810174
2389647351
2631860383
5859770999
1886661262
6025509681
3177653574
1949570807
1333485737
5688995703
2420824901
2379065491
3740010430
2108868980
2727539502
5659372887
2337489143
3558208065
1489682565
3264310155
2181192271
3971561783
1596165111
3950492747
1055632020
2308260337
2137660971
3216311883
1401606330
5097347221
2176217134
5983620902
5184990297
1944539810
5381640962
3282007297
1830136671
5940725013
2949841832
1164261320
1731641225
1777942874
1017554742
1225526335
1259446991
5719055594
3180269227
3234060992
1906884194
1654134123
1618051664
2706647437
1035566190
3101361171
2099591797
1267454277
5365391344
5914727536
1611864142
3886278987
5601629229
1878002745
5981567230
5845917019
3939426052
3820792860
5035483816
1707691442
2150758415
1642591402
3937348351
1991114285
2718700501
1618051664
5467852665
5769389148
1218346612
3972907549
1974576991
2851794377
1654134123
1994712500
1709286740
1860128420
5336756846
1403915120
5605466220
2703141045
1887344341
1742741072
2435086834
2342024544
1805319252
1629529114
5238339439
1224921712
1657925044
1992769421
3202943665
3099016097
1846116411
1698233740
2489313225
3966129175
1924790764
1258256457
5031100920
3185385654
5721200433
6067139463
2134671703
1411482802
3324247340
1571497285
2396438573
2482557597
1642088277
2656274875
1878002745
5143434712
5626080968
1148190491
5672334800
3054929743
2421928994
5203469601
3886689338
2149034414
5241474786
3569557110
1944507257
5473593150
1726464033
1443634610
1680935914
2122806302
5999554587
2002665733
1739332721
2174972877
3751651741
1944294443
2106819803
1395880635
5433294822
2043784981
1927857780
1807662327
1361636054
1361636054
1361636054
1361636054
1361636054
1361636054
1361636054
1361636054
1361636054
1361636054
1361636054
1361636054
1361636054
1361636054
1361636054
1361636054
1361636054
1361636054
1361636054
1361636054
1361636054
1695652643
1695652643
1695652643
1695652643
1695652643
1695652643
1695652643
1695652643
1695652643
1695652643
1695652643
1695652643
1695652643
1971861621
1717386753
1904931502
2118159450
5349536344
5842571334
1914362004
3937348351
1136184224
1416225865
1765737457
2098732807
2818408227
2270549757
3634308713
1869867421
1974576991
1937540081
1929190115
5467852665
2068162443
1797447824
6060377860
3550281193
1640501831
1985221267
3830002641
1418468607
3974926614
2150584574
2162171867
3502161230
1201642421
1859873831
1742680841
1292908587
2874617862
2244200157
3937348351
2150758415
5467852665
1494759712
1974576991
2811244260
1971861621
1895431523
1819935727
3166118150
1887344341
3289165773
5071321668
2097927920
2462605080
2442273073
3922585981
2632236847
1267454277
1496833057
1618051664
2611641094
3204192301
2505697571
2567002991
1777051772
1960785875
1686546714
1654134123
1376420267
2748597475
1765741580
2400966427
2181597154
1684122723
1048395532
3180430544
1717386753
2599774562
1736451034
5404710752
1667533163
1798209111
3913207112
2789839911
2267030852
3961818766
5370547595
1698233740
1980768563
274139614
1403915120
1643971635
2155926845
5681482843
5000609535
5308208820
1847123567
1642286230
2112406630
3966129175
3710258141
2203015217
2203015217
2203015217
2203015217
2203015217
5539800149
5539800149
5539800149
5539800149
5539800149
5539800149
5539800149
5539800149
5539800149
5539800149
5539800149
5539800149
5539800149
5539800149
5539800149
5539800149
5539800149
5539800149
5539800149
5539800149
5539800149
5539800149
5539800149
5539800149
5539800149
5539800149
5539800149
5539800149
5539800149
5539800149
5539800149
5539800149
5539800149
2557173891
1700648435
3823554401
6070956924
6066395230
6070956698
6070956454
6070957031
6066119984
6070956722
6070956326
6070956322
6070957138
6066120177
6070956685
3147818907
6066120704
6070956609
6070957046
6066395023
6066395366
6066120300
6066394716
6066120654
6066395018
6066120522
6070956076
6070956678
6070956775
2874567542
6070956496
6070955785
6066120829
6066120579
6066119975
2109849744
6070957107
6070955929
6070956195
6070955923
6066120128
6066395412
6066395391
6066395418
2286908003
6070957189
6066395252
6066395399
6066395212
6070956799
6070956416
6070956966
6070956366
6070955655
6066120506
6066120135
6066120470
6066395405
6070955815
6066120180
6066395186
6070956407
6070956975
6066120623
6070955664
6066120744
6070956528
6066120106
6070955460
6066120221
6070957008
6070956489
6070955864
6066395276
1644114654
6070955945
6070957084
6066395058
6066120535
1974335820
6066395197
6070956438
6066395353
6066395351
1929953497
6070956582
6070956739
6070956267
6070957257
6066395117
6066395454
6066395395
6070956382
6070956386
6066395205
2340145481
6066120041
6070956300
6066395128
6066394846
6065989049
6065989049
6065989049
6065989049
6065989049
6065989049
6065989049
6065989049
6065989049
6065989049
6065989049
6065989049
6065989049
6065989049
6065989049
6065989049
6065989049
6065989049
6065989049
6065989049
1930834774
1930834774
1930834774
1930834774
1930834774
1930834774
1930834774
1930834774
1930834774
1930834774
1930834774
1930834774
1930834774
1930834774
1930834774
1930834774
1930834774
1930834774
1930834774
1930834774
1930834774
1930834774
1930834774
1930834774
1930834774
1930834774
1930834774
1930834774
1930834774
1930834774
1930834774
1930834774
1930834774
1930834774
1930834774
1930834774
1930834774
1930834774
1930834774
2609400635
5044281310
6008290140
3235261232
2885395354
2354644175
1713926427
2286908003
1537790411
5340280308
1836384951
2295204811
1784473157
3289165773
3177527181
2431974872
2142058927
2803301701
2718604160
3523916795
5685899643
2796627290
2549228714
1729579385
1644114654
3786649467
1828483985
2651196052
2456865965
1700648435
2167377602
5785161988
2815596262
3623353053
1742566624
1314608344
1697601814
1726843052
1712539910
3691915217
1098618600
6064405649
6065677414
3165302152
3603777915
2096002902
2656274875
1477045392
3817188860
1804364364
3948798687
1742741072
2028810631
5799643927
1656737654
2553166167
2095176990
3591355593
5796654162
5291032498
3147292215
1662214194
3069348215
1658768790
2260669392
2318910945
2130810265
2007705005
1767180354
2192466941
2893029885
2194384720
5181036417
2583058874
2945041184
1823344731
6018600599
3094705583
2517942981
5537295114
1152369551
2704951275
2249838714
3567021545
1923819560
5294109811
2168857184
5237894831
6072211661
2348668214
5274741138
5971730462
5710030732
1784730802
5675703466
3493163273
3028077565
5557348642
1801875100
3785239495
5964292679
5964292679
5255228091
5255228091
2803301701
3052465574
5044281310
1973708311
3823554401
1703371307
1496814565
3224472040
3780331287
1929953497
3048631625
2593584172
5807583468
6041800320
1866819843
2237527693
1569588525
3185271612
1055632020
2109849744
5528812759
5742577881
2162541102
5214639666
1465477585
5394366374
2780297340
2028810631
1975995305
2453594982
2365660032
5628010845
2478372321
3662284352
2634648631
2097900152
3960103564
5346175794
2236132633
5365087409
3468372884
2839526163
1763852403
2393795324
5045137497
5860114965
1879778060
5155552580
1402977920
1786595154
2928320775
3880520104
5733103353
5934011651
6021415149
2162541102
5044281310
2028810631
1729283874
1734959391
1700648435
2803301701
2286908003
1653603955
1642088277
1143605707
3052465574
5210291485
1784473157
1644114654
1496814565
1749990115
3558109054
1608417731
6071784214
1936881123
2787463454
2379600597
5785017155
5943402458
2169114581
5534746929
1866950504
2173120170
5327684203
2038147533
1841576784
2476750617
3208655622
3516601454
2613457124
1612217911
1703371307
1618051664
2321615032
1974576991
1336531155
3948798687
3217179555
1973708311
1827744171
1827744171
1827744171
1827744171
1827744171
1827744171
1681262912
1681262912
1681262912
1681262912
1681262912
1681262912
1681262912
1681262912
1681262912
1681262912
1681262912
1681262912
1681262912
5467852665
5031100920
2803301701
2328516855
5704840619
2286908003
1932383433
2206395840
2418542712
1988749421
2656274875
1668589317
3939426052
1683472727
1891502860
1618051664
1092493017
3740471422
2799724554
5052422806
1729408273
5132862451
5607499943
1784473157
5053469079
2491855213
5261614477
3937348351
1890443153
3684289837
5109645298
3283753023
1800611161
3639677165
5028892209
2658007062
6022214625
2061250093
5802516395
5994503881
1697400904
2331030284
1333485737
1952921991
1650724665
5259587357
1777939117
3198865183
1776686771
2044519745
5114103659
1401314247
3051827272
2947473715
6027273325
2937945725
2216581527
2273598935
5515453139
2231567412
5936645445
2463031495
3982081985
1670421223
1662214194
1638782947
1759015447
1642088277
2001627641
5943595658
3883725467
5980853101
2834480301
1699540307
1936009242
3888238110
2087875965
5288359063
2386798841
1737979690
1887344341
2769742413
3823554401
1894216900
2816272260
3099016097
2010878010
1644489953
1403497553
1644948230
1644358851
5044281310
1686546714
2810373291
1974576991
1656737654
3268047813
2000090825
2973464270
3266073575
2175409884
1896650227
5492416329
1618051664
5589437196
5059968349
2090143272
5097174964
3958094957
1811330360
2828734491
3137412131
1869145077
1646320754
3843389123
1887434204
1848667173
1784990717
1713926427
2167115367
2619803070
5230569371
1866909897
1887344341
2610402283
2931219947
2543873754
1667066505
3645321135
2908236931
2238378220
3292855293
2814567391
2423256424
1994448065
3123142237
2690801420
1973988791
5087198712
5748274926
2531758535
1736937880
3911725758
5802430215
2004645241
1253754175
2599761632
5161446810
1455666733
2312876812
2053973931
2055955063
2288058654
3193980825
3959382805
1750377817
5846276024
3250426091
1980149655
5206721652
6019713131
1112056693
5255466328
1884564873
1764051187
1789790975
1217442254
1922511757
1812809971
2015258021
3292310794
1677851740
2804262592
1776761885
5679826548
1686460597
2242841690
6079739830
5398033346
3850786106
2522336702
1965059893
1358483623
1564135570
3567056502
5874237942
3302727210
2696722401
2357103602
5154249980
3179552247
1759533651
5524981982
5836416561
2857974683
2881501512
3226027993
3104863505
1838293740
5433248327
5031100920
1890443153
1898268644
3937348351
1333485737
2658007062
5756494566
1784473157
3823554401
2087169013
2656274875
2491855213
2113486862
5109645298
5617030362
5893675393
1906806187
2137012987
2293768162
2611755421
2175409884
1768398930
2852985731
2186597631
5605840716
2996629803
2116440172
2598169055
1060016844
1909867147
1974576991
2207477674
5509929928
2500754621
3460453364
1978503207
1830786214
1919753641
1916621145
2141285175
2489506161
2927833961
1225214715
6067065543
5860428081
5396124420
5658767664
6045686517
1962821407
1775621243
5776384125
5295128976
2812231775
3201354714
2452149005
1912008917
1978413393
2055227775
2525305820
2606812443
2181129460
2299445753
1920663133
2186919071
2812969717
2873486482
1765350971
3355041210
2041051485
2249594515
5663737809
6040985026
5765321313
3786629911
2611755045
2797070163
1424390047
2057455325
2737861495
1581366400
1689378127
3002241477
2056670967
3927988860
2489506365
3005254180
2799284340
3476970402
2117397945
1252278122
2397103825
2204146672
5885700791
5108185695
1905837201
1972495533
2386798841
1674458977
5506950352
1045350985
2480541500
2480541500
2480541500
2480541500
2480541500
6071840373
5372179421
1895622611
2318910945
3823554401
2752396553
1718699234
2258727970
3040587175
6056016185
3286667761
3169800184
1401962812
5725847165
5467852665
5594583322
5324136327
1801885764
5526345570
1964567947
3744393182
3937348351
5744879992
1895332380
5393029450
2096981401
1774384130
3227020453
5512685552
2422702681
5840090316
5691222694
2682757173
5156684311
1182426800
3817177097
5930044768
5099016176
2634947861
2043800240
5768156395
2757652847
2390034622
2097900152
5738271868
1649173367
1919497780
3103068361
1784473157
3103898980
3628354521
3468372884
5597653766
5305921781
5657058070
5397341173
3199700334
3596776217
1104948734
5581425654
2480541500
5512922997
5537637236
1813387710
1989519725
2812335943
1537790411
2706896955
1712570933
3820792860
1291477752
1815418641
1797270765
1688864597
1574684061
2609400635
5078700027
5805304766
2119628851
1234692083
1790596553
1259110474
3623353053
2150758415
3765124653
5888671022
1778742953
1855024094
5340280308
2477002587
2803301701
1687422352
1274327470
2127537181
5410095217
1668662863
5796654162
2656274875
2466386627
1223178222
